10 10 0.11929E-01
10 15 0.46132E-02
10 20 0.23773E-02
10 25 0.13882E-02
10 30 0.87410E-03
10 35 0.57931E-03
10 40 0.39845E-03
10 45 0.28225E-03
10 50 0.20481E-03
10 60 0.11407E-03
10 70 0.67419E-04
10 80 0.41745E-04
10 100 0.17727E-04
10 125 0.70386E-05
10 150 0.31446E-05
10 175 0.15372E-05
10 200 0.80534E-06
10 225 0.44546E-06
10 250 0.25752E-06
10 275 0.15479E-06
10 300 0.96016E-07
10 325 0.61288E-07
10 350 0.40063E-07
10 400 0.18175E-07
10 450 0.88179E-08
10 475 0.62718E-08
10 500 0.45136E-08
10 525 0.32906E-08
10 550 0.24187E-08
10 600 0.13404E-08
10 625 0.10102E-08
10 675 0.58633E-09
10 700 0.45116E-09
10 725 0.34909E-09
10 750 0.27157E-09
10 775 0.21220E-09
10 800 0.16666E-09
10 825 0.13146E-09
10 850 0.10405E-09
10 900 0.66136E-10
10 950 0.42604E-10
10 975 0.34358E-10
10 1000 0.27794E-10
20 5 0.26721E+01
20 30 0.38468E-02
20 40 0.16857E-02
20 45 0.11812E-02
20 50 0.85031E-03
20 70 0.27513E-03
20 80 0.16958E-03
20 90 0.10852E-03
20 100 0.71603E-04
20 125 0.28317E-04
20 150 0.12619E-04
20 175 0.61591E-05
20 200 0.32228E-05
20 250 0.10289E-05
20 275 0.61817E-06
20 300 0.38323E-06
20 325 0.24453E-06
20 350 0.15980E-06
20 375 0.10657E-06
20 400 0.72465E-07
20 425 0.50089E-07
20 450 0.35138E-07
20 475 0.24991E-07
20 575 0.71466E-08
20 600 0.53381E-08
20 625 0.40224E-08
20 650 0.30546E-08
20 675 0.23346E-08
20 725 0.13898E-08
20 750 0.10812E-08
20 775 0.84491E-09
20 800 0.66353E-09
20 825 0.52342E-09
20 850 0.41431E-09
20 875 0.32998E-09
20 950 0.16967E-09
20 975 0.13684E-09
20 1000 0.11068E-09
30 1 0.29652E+01
30 10 0.27860E+01
30 20 0.43001E-01
30 25 0.18701E-01
30 40 0.41932E-02
30 45 0.28802E-02
30 60 0.11057E-02
30 70 0.64177E-03
30 80 0.39255E-03
30 90 0.24971E-03
30 125 0.64537E-04
30 250 0.23224E-05
30 275 0.13945E-05
30 300 0.86410E-06
30 325 0.55110E-06
30 350 0.36004E-06
30 375 0.24006E-06
30 400 0.16318E-06
30 450 0.79103E-07
30 475 0.56248E-07
30 500 0.40469E-07
30 525 0.29500E-07
30 575 0.16080E-07
30 600 0.12009E-07
30 625 0.90489E-08
30 650 0.68706E-08
30 675 0.52517E-08
30 725 0.31261E-08
30 750 0.24318E-08
30 775 0.19003E-08
30 800 0.14924E-08
30 825 0.11772E-08
30 850 0.93174E-09
30 900 0.59217E-09
30 950 0.38156E-09
30 975 0.30772E-09
30 1000 0.24891E-09
40 1 0.31543E+01
40 5 0.31485E+01
40 10 0.30904E+01
40 45 0.57758E-02
40 50 0.40072E-02
40 60 0.21061E-02
40 70 0.12018E-02
40 80 0.72698E-03
40 90 0.45885E-03
40 100 0.30007E-03
40 125 0.11683E-03
40 175 0.25050E-04
40 200 0.13059E-04
40 225 0.71987E-05
40 250 0.41500E-05
40 275 0.24881E-05
40 300 0.15417E-05
40 325 0.98276E-06
40 350 0.64177E-06
40 375 0.42775E-06
40 400 0.29067E-06
40 425 0.20084E-06
40 450 0.14106E-06
40 500 0.72033E-07
40 525 0.52489E-07
40 600 0.21365E-07
40 625 0.16097E-07
40 650 0.12222E-07
40 675 0.93418E-08
40 700 0.71876E-08
40 725 0.55598E-08
40 775 0.33795E-08
40 800 0.26540E-08
40 875 0.13196E-08
40 900 0.10530E-08
40 925 0.84400E-09
40 950 0.67843E-09
40 975 0.54713E-09
40 1000 0.44257E-09
50 1 0.32754E+01
50 5 0.32703E+01
50 15 0.31434E+01
50 30 0.67682E-01
50 35 0.30153E-01
50 40 0.17037E-01
50 45 0.10712E-01
50 50 0.71713E-02
50 60 0.36131E-02
50 70 0.20132E-02
50 80 0.11989E-02
50 90 0.74881E-03
50 125 0.18697E-03
50 150 0.80428E-04
50 175 0.39644E-04
50 200 0.20615E-04
50 225 0.11339E-04
50 275 0.39098E-05
50 300 0.24206E-05
50 325 0.15420E-05
50 350 0.10061E-05
50 375 0.67049E-06
50 400 0.45545E-06
50 425 0.31459E-06
50 450 0.22056E-06
50 500 0.11276E-06
50 525 0.82174E-07
50 550 0.60365E-07
50 575 0.44766E-07
50 600 0.33425E-07
50 625 0.25181E-07
50 650 0.19118E-07
50 675 0.14611E-07
50 700 0.11241E-07
50 750 0.67629E-08
50 800 0.41499E-08
50 850 0.25904E-08
50 875 0.20630E-08
50 975 0.85527E-09
50 1000 0.69181E-09
75 1 0.33361E+01
75 5 0.33369E+01
75 10 0.33327E+01
75 15 0.33068E+01
75 20 0.32420E+01
75 25 0.31238E+01
75 30 0.28506E+01
75 35 0.21434E+01
75 40 0.16936E+00
75 45 0.56376E-01
75 50 0.29466E-01
75 60 0.11822E-01
75 70 0.59101E-02
75 80 0.32993E-02
75 90 0.19752E-02
75 100 0.12452E-02
75 125 0.45822E-03
75 150 0.19622E-03
75 175 0.93439E-04
75 200 0.48092E-04
75 225 0.26256E-04
75 250 0.15047E-04
75 275 0.89820E-05
75 300 0.55397E-05
75 325 0.35214E-05
75 350 0.22932E-05
75 375 0.15259E-05
75 400 0.10352E-05
75 450 0.50032E-06
75 475 0.35539E-06
75 500 0.25540E-06
75 525 0.18603E-06
75 550 0.13657E-06
75 575 0.10124E-06
75 625 0.56907E-07
75 650 0.43191E-07
75 725 0.19628E-07
75 775 0.11925E-07
75 800 0.93629E-08
75 850 0.58429E-08
75 925 0.29747E-08
75 950 0.23910E-08
75 975 0.19280E-08
75 1000 0.15593E-08
100 1 0.31925E+01
100 5 0.31882E+01
100 10 0.31822E+01
100 15 0.31715E+01
100 20 0.31512E+01
100 25 0.31071E+01
100 30 0.30391E+01
100 35 0.29191E+01
100 60 0.45074E-01
100 70 0.16687E-01
100 80 0.81340E-02
100 90 0.45041E-02
100 125 0.92412E-03
100 150 0.38114E-03
100 175 0.17748E-03
100 200 0.90024E-04
100 225 0.48653E-04
100 250 0.27677E-04
100 275 0.16432E-04
100 300 0.10090E-04
100 325 0.63935E-05
100 350 0.41524E-05
100 375 0.27569E-05
100 425 0.12862E-05
100 450 0.89980E-06
100 525 0.33360E-06
100 600 0.13523E-06
100 650 0.77237E-07
100 675 0.58987E-07
100 700 0.45356E-07
100 750 0.27259E-07
100 775 0.21291E-07
100 800 0.16713E-07
100 825 0.13176E-07
100 850 0.10425E-07
100 875 0.82994E-08
100 900 0.66205E-08
100 925 0.53048E-08
100 975 0.34372E-08
100 1000 0.27796E-08
150 1 0.27234E+01
150 5 0.27239E+01
150 10 0.27049E+01
150 15 0.26918E+01
150 25 0.26646E+01
150 30 0.26439E+01
150 35 0.26167E+01
150 40 0.25805E+01
150 45 0.25304E+01
150 50 0.24659E+01
150 60 0.22265E+01
150 80 0.10394E+00
150 90 0.27944E-01
150 100 0.12539E-01
150 125 0.31361E-02
150 150 0.11297E-02
150 200 0.23633E-03
150 225 0.12375E-03
150 250 0.68846E-04
150 300 0.24385E-04
150 325 0.15290E-04
150 350 0.98549E-05
150 375 0.65007E-05
150 400 0.43784E-05
150 425 0.30036E-05
150 450 0.20937E-05
150 475 0.14808E-05
150 525 0.76967E-06
150 550 0.56355E-06
150 575 0.41675E-06
150 600 0.31030E-06
150 625 0.23331E-06
150 650 0.17676E-06
150 675 0.13487E-06
150 725 0.80002E-07
150 750 0.62137E-07
150 800 0.38039E-07
150 825 0.29975E-07
150 850 0.23706E-07
150 875 0.18860E-07
150 900 0.15036E-07
150 925 0.12043E-07
150 950 0.96739E-08
150 1000 0.63026E-08
200 1 0.25604E+01
200 5 0.25567E+01
200 10 0.25330E+01
200 15 0.24976E+01
200 20 0.24366E+01
200 25 0.23599E+01
200 30 0.22793E+01
200 35 0.22005E+01
200 40 0.21552E+01
200 45 0.21270E+01
200 50 0.20932E+01
200 70 0.19259E+01
200 80 0.17644E+01
200 90 0.14632E+01
200 125 0.12207E-01
200 150 0.31810E-02
200 175 0.11909E-02
200 200 0.53125E-03
200 250 0.14190E-03
200 275 0.80751E-04
200 300 0.48081E-04
200 325 0.29689E-04
200 350 0.18909E-04
200 375 0.12358E-04
200 400 0.82608E-05
200 425 0.56302E-05
200 450 0.39024E-05
200 500 0.19614E-05
200 550 0.10351E-05
200 575 0.76349E-06
200 650 0.32187E-06
200 675 0.24515E-06
200 700 0.18799E-06
200 750 0.11252E-06
200 800 0.68737E-07
200 825 0.54122E-07
200 850 0.42766E-07
200 900 0.27087E-07
200 925 0.21679E-07
200 950 0.17407E-07
200 975 0.14020E-07
250 1 0.24758E+01
250 5 0.24765E+01
250 10 0.24666E+01
250 15 0.24475E+01
250 20 0.24152E+01
250 25 0.23667E+01
250 40 0.21291E+01
250 45 0.20232E+01
250 50 0.19093E+01
250 60 0.17305E+01
250 70 0.16445E+01
250 80 0.15746E+01
250 90 0.14935E+01
250 100 0.13784E+01
250 150 0.11295E-01
250 175 0.30460E-02
250 200 0.11710E-02
250 225 0.53512E-03
250 250 0.27205E-03
250 275 0.14915E-03
250 300 0.86348E-04
250 325 0.52216E-04
250 350 0.32709E-04
250 375 0.21106E-04
250 400 0.13960E-04
250 425 0.94310E-05
250 450 0.64897E-05
250 475 0.45418E-05
250 500 0.32252E-05
250 525 0.23209E-05
250 550 0.16875E-05
250 575 0.12404E-05
250 600 0.91893E-06
250 625 0.68769E-06
250 650 0.51884E-06
250 675 0.39439E-06
250 725 0.23248E-06
250 750 0.18006E-06
250 775 0.14018E-06
250 800 0.76279E-07
250 825 0.86275E-07
250 850 0.68100E-07
250 875 0.54085E-07
250 900 0.43052E-07
250 975 0.22231E-07
250 1000 0.17947E-07
300 1 0.22678E+01
300 5 0.22665E+01
300 10 0.22542E+01
300 15 0.22486E+01
300 20 0.22351E+01
300 25 0.22158E+01
300 30 0.21836E+01
300 35 0.21418E+01
300 40 0.20914E+01
300 45 0.20312E+01
300 50 0.19603E+01
300 60 0.17867E+01
300 80 0.14072E+01
300 90 0.12959E+01
300 100 0.12297E+01
300 125 0.10294E+01
300 175 0.10212E-01
300 225 0.11093E-02
300 250 0.51702E-03
300 275 0.26784E-03
300 300 0.14916E-03
300 325 0.87597E-04
300 350 0.53639E-04
300 375 0.34031E-04
300 400 0.22195E-04
300 425 0.14829E-04
300 475 0.70186E-05
300 500 0.49498E-05
300 525 0.35390E-05
300 575 0.18755E-05
300 600 0.13840E-05
300 625 0.10322E-05
300 675 0.58867E-06
300 700 0.44935E-06
300 725 0.34546E-06
300 750 0.26704E-06
300 775 0.20753E-06
300 800 0.16214E-06
300 925 0.50577E-07
300 1000 0.26299E-07
350 1 0.19348E+01
350 5 0.19349E+01
350 10 0.19301E+01
350 15 0.19261E+01
350 20 0.19188E+01
350 25 0.19095E+01
350 30 0.18930E+01
350 35 0.18734E+01
350 40 0.18490E+01
350 45 0.18213E+01
350 50 0.17847E+01
350 60 0.16951E+01
350 70 0.15771E+01
350 100 0.11295E+01
350 125 0.92029E+00
350 150 0.75227E+00
350 200 0.90657E-02
350 225 0.25654E-02
350 250 0.10295E-02
350 275 0.48779E-03
350 300 0.25646E-03
350 325 0.14469E-03
350 350 0.85999E-04
350 375 0.53308E-04
350 400 0.34150E-04
350 425 0.22479E-04
350 450 0.15142E-04
350 475 0.10406E-04
350 500 0.72808E-05
350 550 0.37181E-05
350 625 0.14770E-05
350 650 0.11069E-05
350 675 0.83644E-06
350 700 0.63668E-06
350 725 0.48809E-06
350 750 0.37652E-06
350 775 0.29198E-06
350 800 0.22770E-06
350 850 0.14048E-06
350 875 0.11127E-06
350 900 0.88351E-07
350 925 0.70486E-07
400 1 0.15843E+01
400 5 0.15838E+01
400 10 0.15803E+01
400 15 0.15793E+01
400 20 0.15760E+01
400 30 0.15641E+01
400 35 0.15534E+01
400 40 0.15432E+01
400 45 0.15290E+01
400 50 0.15091E+01
400 60 0.14666E+01
400 70 0.14055E+01
400 100 0.11345E+01
400 125 0.84320E+00
400 175 0.54306E+00
400 225 0.80294E-02
400 250 0.23127E-02
400 275 0.94257E-03
400 300 0.45357E-03
400 325 0.24128E-03
400 350 0.13765E-03
400 375 0.82723E-04
400 400 0.51750E-04
400 475 0.15063E-04
400 575 0.37885E-05
400 600 0.27677E-05
400 625 0.20457E-05
400 650 0.49734E-06
400 700 0.87166E-06
400 725 0.66604E-06
400 750 0.51243E-06
400 775 0.39640E-06
400 800 0.30844E-06
400 900 0.11881E-06
400 925 0.94640E-07
400 975 0.60703E-07
450 1 0.13167E+01
450 5 0.13157E+01
450 10 0.13147E+01
450 25 0.13102E+01
450 30 0.13066E+01
450 35 0.13006E+01
450 40 0.12946E+01
450 45 0.12880E+01
450 50 0.12789E+01
450 60 0.12563E+01
450 70 0.12232E+01
450 80 0.11834E+01
450 90 0.11316E+01
450 125 0.87088E+00
450 175 0.52403E+00
450 200 0.41092E+00
450 250 0.70739E-02
450 275 0.20729E-02
450 325 0.41704E-03
450 350 0.22444E-03
450 375 0.12932E-03
450 400 0.78434E-04
450 425 0.49451E-04
450 450 0.32195E-04
450 500 0.14696E-04
450 525 0.10236E-04
450 550 0.72406E-05
450 575 0.51958E-05
450 600 0.37709E-05
450 625 0.27712E-05
450 650 0.20574E-05
450 750 0.68001E-06
450 775 0.52449E-06
450 800 0.40698E-06
450 875 0.19649E-06
450 900 0.15546E-06
450 975 0.79059E-07
450 1000 0.63561E-07
500 1 0.10969E+01
500 5 0.10963E+01
500 20 0.10943E+01
500 25 0.10939E+01
500 35 0.10866E+01
500 40 0.10849E+01
500 45 0.10797E+01
500 50 0.10758E+01
500 60 0.10634E+01
500 80 0.10221E+01
500 90 0.99386E+00
500 100 0.95792E+00
500 125 0.83901E+00
500 200 0.40904E+00
500 225 0.31634E+00
500 300 0.18521E-02
500 350 0.38133E-03
500 375 0.20714E-03
500 400 0.12039E-03
500 425 0.73549E-04
500 450 0.46738E-04
500 525 0.14153E-04
500 550 0.99012E-05
500 575 0.70360E-05
500 600 0.50713E-05
500 625 0.36841E-05
500 675 0.20340E-05
500 700 0.15295E-05
500 725 0.11595E-05
500 750 0.88878E-06
500 825 0.41018E-06
500 850 0.32054E-06
500 875 0.25243E-06
500 950 0.12605E-06
500 1000 0.80925E-07
550 1 0.91434E+00
550 5 0.91285E+00
550 10 0.91493E+00
550 15 0.91356E+00
550 20 0.91034E+00
550 25 0.91177E+00
550 30 0.91090E+00
550 35 0.90896E+00
550 40 0.90553E+00
550 45 0.90270E+00
550 50 0.90037E+00
550 60 0.89375E+00
550 70 0.88366E+00
550 80 0.87043E+00
550 90 0.85446E+00
550 100 0.83382E+00
550 125 0.76369E+00
550 150 0.66288E+00
550 175 0.53570E+00
550 225 0.32383E+00
550 250 0.24739E+00
550 300 0.54540E-02
550 325 0.16510E-02
550 350 0.69882E-03
550 375 0.34708E-03
550 400 0.19007E-03
550 425 0.11137E-03
550 450 0.68514E-04
550 475 0.43816E-04
550 500 0.28894E-04
550 550 0.13410E-04
550 575 0.94720E-05
550 600 0.67611E-05
550 625 0.48913E-05
550 650 0.35841E-05
550 675 0.26487E-05
550 700 0.19848E-05
550 725 0.14973E-05
550 750 0.11392E-05
550 775 0.87236E-06
550 800 0.67252E-06
550 825 0.52184E-06
550 850 0.40663E-06
550 875 0.31933E-06
550 900 0.25171E-06
550 925 0.19922E-06
550 950 0.15843E-06
550 975 0.12647E-06
550 1000 0.10135E-06
600 1 0.76280E+00
600 5 0.76274E+00
600 10 0.76272E+00
600 15 0.76114E+00
600 20 0.76201E+00
600 25 0.76093E+00
600 30 0.76056E+00
600 45 0.75629E+00
600 50 0.75517E+00
600 60 0.75084E+00
600 80 0.73665E+00
600 100 0.71437E+00
600 125 0.67241E+00
600 175 0.52735E+00
600 200 0.42644E+00
600 225 0.32414E+00
600 250 0.25801E+00
600 275 0.19506E+00
600 325 0.47891E-02
600 375 0.62883E-03
600 400 0.31514E-03
600 425 0.17391E-03
600 450 0.10255E-03
600 525 0.27069E-04
600 550 0.18363E-04
600 575 0.12735E-04
600 625 0.64430E-05
600 675 0.34407E-05
600 700 0.25556E-05
600 750 0.14527E-05
600 775 0.11063E-05
600 800 0.84955E-06
600 875 0.39939E-06
600 900 0.31396E-06
600 925 0.24790E-06
600 950 0.19666E-06
600 975 0.15667E-06
600 1000 0.12530E-06
650 1 0.63790E+00
650 5 0.63839E+00
650 10 0.63832E+00
650 15 0.63815E+00
650 20 0.63730E+00
650 25 0.63737E+00
650 30 0.63728E+00
650 45 0.63452E+00
650 50 0.63363E+00
650 60 0.63006E+00
650 80 0.62182E+00
650 100 0.60843E+00
650 125 0.58289E+00
650 150 0.54469E+00
650 175 0.49149E+00
650 200 0.42258E+00
650 225 0.34127E+00
650 250 0.26096E+00
650 300 0.15564E+00
650 350 0.42123E-02
650 375 0.13104E-02
650 400 0.56495E-03
650 425 0.28541E-03
650 475 0.94158E-04
650 500 0.58602E-04
650 525 0.37871E-04
650 550 0.25192E-04
650 575 0.17177E-04
650 600 0.11960E-04
650 650 0.60930E-05
650 675 0.44418E-05
650 700 0.32806E-05
650 725 0.24413E-05
650 775 0.13933E-05
650 800 0.10653E-05
650 825 0.82000E-06
650 850 0.63464E-06
650 875 0.49524E-06
650 900 0.38807E-06
650 925 0.30559E-06
650 950 0.24176E-06
650 975 0.19217E-06
650 1000 0.15335E-06
700 1 0.53519E+00
700 10 0.53470E+00
700 20 0.53483E+00
700 25 0.53512E+00
700 30 0.53343E+00
700 35 0.53397E+00
700 40 0.53331E+00
700 45 0.53261E+00
700 60 0.53047E+00
700 70 0.52844E+00
700 80 0.52499E+00
700 90 0.52148E+00
700 100 0.51630E+00
700 150 0.47695E+00
700 175 0.44173E+00
700 225 0.34018E+00
700 250 0.27561E+00
700 275 0.21235E+00
700 300 0.16794E+00
700 325 0.12503E+00
700 375 0.37044E-02
700 400 0.11691E-02
700 425 0.50777E-03
700 450 0.25816E-03
700 475 0.14432E-03
700 500 0.86132E-04
700 525 0.53895E-04
700 550 0.34932E-04
700 600 0.15997E-04
700 650 0.79488E-05
700 700 0.41922E-05
700 725 0.31009E-05
700 750 0.23181E-05
700 825 0.10185E-05
700 850 0.78545E-06
700 875 0.61019E-06
700 900 0.47651E-06
700 925 0.37413E-06
700 950 0.29513E-06
750 1 0.45155E+00
750 5 0.45094E+00
750 15 0.45093E+00
750 20 0.45164E+00
750 30 0.45089E+00
750 35 0.44993E+00
750 40 0.45004E+00
750 45 0.45054E+00
750 50 0.45004E+00
750 60 0.44880E+00
750 70 0.44717E+00
750 80 0.44550E+00
750 90 0.44288E+00
750 100 0.43963E+00
750 150 0.41297E+00
750 175 0.39030E+00
750 225 0.32270E+00
750 250 0.27677E+00
750 275 0.22498E+00
750 300 0.17344E+00
750 325 0.13696E+00
750 350 0.10128E+00
750 400 0.32707E-02
750 425 0.10398E-02
750 450 0.45588E-03
750 475 0.23325E-03
750 500 0.13121E-03
750 525 0.78551E-04
750 550 0.49341E-04
750 575 0.32179E-04
750 600 0.21595E-04
750 625 0.14835E-04
750 650 0.10409E-04
750 675 0.74188E-05
750 725 0.39383E-05
750 800 0.16546E-05
750 825 0.12497E-05
750 850 0.96723E-06
750 875 0.74869E-06
750 900 0.58245E-06
750 925 0.45567E-06
750 950 0.35814E-06
750 1000 0.22475E-06
800 1 0.38210E+00
800 10 0.38183E+00
800 15 0.38191E+00
800 20 0.38164E+00
800 30 0.38148E+00
800 35 0.38130E+00
800 40 0.38080E+00
800 45 0.37942E+00
800 50 0.38012E+00
800 60 0.37958E+00
800 70 0.37871E+00
800 80 0.37711E+00
800 90 0.37590E+00
800 100 0.37381E+00
800 125 0.36666E+00
800 150 0.35654E+00
800 175 0.34120E+00
800 200 0.32150E+00
800 225 0.29558E+00
800 250 0.26426E+00
800 275 0.22618E+00
800 300 0.18381E+00
800 325 0.14273E+00
800 350 0.11238E+00
800 375 0.82446E-01
800 425 0.28843E-02
800 450 0.92808E-03
800 475 0.40889E-03
800 500 0.21065E-03
800 525 0.11895E-03
800 550 0.71581E-04
800 575 0.45180E-04
800 600 0.29563E-04
800 625 0.19905E-04
800 650 0.13728E-04
800 675 0.96537E-05
800 700 0.69041E-05
800 725 0.50138E-05
800 750 0.36867E-05
800 775 0.27403E-05
800 800 0.20568E-05
800 825 0.15587E-05
800 850 0.11892E-05
800 875 0.91607E-06
800 900 0.70964E-06
800 925 0.55287E-06
800 950 0.43311E-06
800 975 0.34124E-06
800 1000 0.27010E-06
850 1 0.32345E+00
850 5 0.32374E+00
850 10 0.32392E+00
850 15 0.32392E+00
850 20 0.32372E+00
850 25 0.32369E+00
850 35 0.32343E+00
850 40 0.32350E+00
850 45 0.32317E+00
850 50 0.32291E+00
850 60 0.32270E+00
850 80 0.32135E+00
850 90 0.32011E+00
850 100 0.31864E+00
850 125 0.31401E+00
850 150 0.30638E+00
850 175 0.29654E+00
850 200 0.28326E+00
850 225 0.26611E+00
850 250 0.24388E+00
850 275 0.21732E+00
850 300 0.18591E+00
850 325 0.15149E+00
850 350 0.11789E+00
850 375 0.92756E-01
850 400 0.67600E-01
850 450 0.25478E-02
850 475 0.82857E-03
850 500 0.36735E-03
850 525 0.18994E-03
850 550 0.10782E-03
850 575 0.65213E-04
850 600 0.41304E-04
850 625 0.27125E-04
850 650 0.18319E-04
850 675 0.12672E-04
850 700 0.89346E-05
850 725 0.64103E-05
850 750 0.46670E-05
850 775 0.34382E-05
850 800 0.25607E-05
850 825 0.19263E-05
850 850 0.14615E-05
850 875 0.11198E-05
850 900 0.86325E-06
850 925 0.66958E-06
850 950 0.52241E-06
850 975 0.41012E-06
850 1000 0.32361E-06
900 5 0.27548E+00
900 10 0.27574E+00
900 15 0.27578E+00
900 20 0.27579E+00
900 25 0.27583E+00
900 30 0.27560E+00
900 35 0.27553E+00
900 40 0.27546E+00
900 45 0.27521E+00
900 50 0.27486E+00
900 60 0.27469E+00
900 70 0.27437E+00
900 90 0.27294E+00
900 150 0.26369E+00
900 175 0.25691E+00
900 200 0.24759E+00
900 225 0.23578E+00
900 250 0.22072E+00
900 275 0.20205E+00
900 325 0.15418E+00
900 350 0.12550E+00
900 400 0.76925E-01
900 475 0.22545E-02
900 500 0.73850E-03
900 525 0.32968E-03
900 550 0.17147E-03
900 600 0.59341E-04
900 625 0.37718E-04
900 650 0.24734E-04
900 700 0.11672E-04
900 725 0.82584E-05
900 775 0.43315E-05
900 800 0.31973E-05
900 825 0.23558E-05
900 850 0.17984E-05
900 875 0.13691E-05
900 900 0.10496E-05
900 925 0.81007E-06
900 950 0.62934E-06
900 975 0.49226E-06
900 1000 0.38693E-06
950 5 0.23507E+00
950 10 0.23502E+00
950 20 0.23496E+00
950 35 0.23523E+00
950 40 0.23493E+00
950 45 0.23510E+00
950 50 0.23487E+00
950 60 0.23475E+00
950 70 0.23431E+00
950 80 0.23360E+00
950 90 0.23330E+00
950 100 0.23223E+00
950 150 0.22677E+00
950 175 0.22184E+00
950 200 0.21519E+00
950 225 0.20749E+00
950 275 0.18387E+00
950 300 0.16831E+00
950 325 0.14932E+00
950 350 0.12788E+00
950 375 0.10440E+00
950 400 0.81746E-01
950 450 0.46138E-01
950 525 0.65953E-03
950 550 0.29624E-03
950 575 0.15475E-03
950 600 0.88573E-04
950 625 0.53960E-04
950 675 0.22730E-04
950 700 0.15454E-04
950 725 0.10743E-04
950 750 0.76202E-05
950 775 0.54907E-05
950 850 0.22185E-05
950 900 0.12776E-05
950 925 0.98071E-06
950 950 0.75804E-06
950 1000 0.46206E-06
1000 1 0.20100E+00
1000 5 0.20090E+00
1000 15 0.20090E+00
1000 20 0.20106E+00
1000 25 0.20098E+00
1000 30 0.20105E+00
1000 40 0.20087E+00
1000 45 0.20085E+00
1000 50 0.20085E+00
1000 60 0.20084E+00
1000 70 0.20070E+00
1000 80 0.20034E+00
1000 90 0.19995E+00
1000 100 0.19923E+00
1000 125 0.19784E+00
1000 175 0.19221E+00
1000 225 0.18195E+00
1000 275 0.16536E+00
1000 300 0.15394E+00
1000 325 0.14052E+00
1000 350 0.12465E+00
1000 450 0.53626E-01
1000 475 0.38444E-01
1000 525 0.17717E-02
1000 550 0.58979E-03
1000 575 0.26637E-03
1000 600 0.13970E-03
1000 625 0.80297E-04
1000 700 0.20777E-04
1000 725 0.14167E-04
1000 750 0.98799E-05
1000 775 0.70165E-05
1000 825 0.37099E-05
1000 850 0.27525E-05
1000 875 0.20603E-05
1000 900 0.15584E-05
1100 1 0.14899E+00
1100 5 0.14895E+00
1100 10 0.14896E+00
1100 15 0.14892E+00
1100 70 0.14860E+00
1100 90 0.14813E+00
1100 225 0.13867E+00
1100 450 0.61840E-01
1100 475 0.48746E-01
1100 575 0.13977E-02
1100 600 0.47247E-03
1100 650 0.11401E-03
1100 675 0.65892E-04
1100 700 0.40514E-04
1100 725 0.26076E-04
1100 750 0.17437E-04
1100 825 0.59289E-05
1100 925 0.17691E-05
1100 950 0.13304E-05
1200 1 0.11126E+00
1200 5 0.11123E+00
1200 10 0.11114E+00
1200 15 0.11128E+00
1200 70 0.11100E+00
1200 80 0.11090E+00
1200 90 0.11076E+00
1200 125 0.11026E+00
1200 150 0.10944E+00
1200 175 0.10853E+00
1200 200 0.10732E+00
1200 225 0.10577E+00
1200 475 0.53946E-01
1200 550 0.27252E-01
1200 575 0.19185E-01
1200 625 0.11074E-02
1200 650 0.38091E-03
1200 725 0.54142E-04
1200 775 0.21623E-04
1200 800 0.14464E-04
1200 850 0.69752E-05
1200 875 0.49931E-05
1200 900 0.36315E-05
1200 925 0.26761E-05
1200 950 0.19955E-05
1200 975 0.15043E-05
1300 1 0.83936E-01
1300 5 0.83923E-01
1300 10 0.83909E-01
1300 70 0.83734E-01
1300 80 0.83587E-01
1300 100 0.83702E-01
1300 125 0.83277E-01
1300 150 0.83057E-01
1300 175 0.82403E-01
1300 200 0.81784E-01
1300 500 0.45620E-01
1300 525 0.39101E-01
1300 550 0.32278E-01
1300 725 0.14225E-03
1300 850 0.12032E-04
1300 875 0.82895E-05
1300 975 0.22604E-05
1300 1000 0.16906E-05
1400 1 0.63877E-01
1400 5 0.63877E-01
1400 10 0.63856E-01
1400 15 0.63887E-01
1400 70 0.63792E-01
1400 80 0.63794E-01
1400 90 0.63736E-01
1400 125 0.63532E-01
1400 150 0.63283E-01
1400 200 0.62596E-01
1400 450 0.48103E-01
1400 475 0.44875E-01
1400 500 0.41713E-01
1400 525 0.37783E-01
1400 825 0.36605E-04
1400 850 0.22830E-04
1400 875 0.14854E-04
1400 900 0.10002E-04
1400 925 0.69169E-05
1400 950 0.48880E-05
1400 975 0.35196E-05
1400 1000 0.25721E-05
1500 1 0.48932E-01
1500 5 0.48908E-01
1500 10 0.48928E-01
1500 70 0.48928E-01
1500 80 0.48840E-01
1500 90 0.48844E-01
1500 125 0.48671E-01
1500 200 0.48276E-01
1500 225 0.47800E-01
1500 500 0.35656E-01
1500 700 0.10757E-01
1500 725 0.74416E-02
1500 775 0.56514E-03
1500 825 0.94306E-04
1500 850 0.51096E-04
1500 875 0.30124E-04
1500 950 0.83147E-05
1500 975 0.57656E-05
1600 5 0.37694E-01
1600 70 0.37630E-01
1600 90 0.37609E-01
1600 125 0.37569E-01
1600 150 0.37443E-01
1600 175 0.37345E-01
1600 200 0.37163E-01
1600 225 0.36988E-01
1600 500 0.29686E-01
1600 575 0.25014E-01
1600 600 0.23014E-01
1600 650 0.18452E-01
1600 725 0.10458E-01
1600 775 0.55213E-02
1600 825 0.45361E-03
1600 850 0.16312E-03
1600 875 0.77127E-04
1600 900 0.41996E-04
1600 925 0.24822E-04
1600 950 0.15579E-04
1600 975 0.10207E-04
1600 1000 0.69135E-05
1700 1 0.29215E-01
1700 5 0.29205E-01
1700 10 0.29216E-01
1700 15 0.29217E-01
1700 80 0.29205E-01
1700 90 0.29197E-01
1700 100 0.29202E-01
1700 125 0.29122E-01
1700 150 0.29044E-01
1700 175 0.28971E-01
1700 200 0.28874E-01
1700 225 0.28778E-01
1700 450 0.25625E-01
1700 475 0.24995E-01
1700 500 0.24216E-01
1700 550 0.22265E-01
1700 600 0.20153E-01
1700 675 0.15662E-01
1700 875 0.36484E-03
1700 900 0.13291E-03
1700 925 0.63119E-04
1700 950 0.34476E-04
1700 975 0.20489E-04
1700 1000 0.12886E-04
1800 1 0.22744E-01
1800 5 0.22738E-01
1800 10 0.22736E-01
1800 70 0.22744E-01
1800 80 0.22733E-01
1800 90 0.22744E-01
1800 100 0.22727E-01
1800 125 0.22692E-01
1800 150 0.22660E-01
1800 175 0.22613E-01
1800 200 0.22575E-01
1800 225 0.22476E-01
1800 475 0.20097E-01
1800 525 0.19030E-01
1800 550 0.18449E-01
1800 575 0.17790E-01
1800 825 0.59762E-02
1800 850 0.45769E-02
1800 875 0.31159E-02
1800 950 0.10825E-03
1800 975 0.51741E-04
1800 1000 0.28388E-04
1900 1 0.17814E-01
1900 5 0.17807E-01
1900 15 0.17824E-01
1900 70 0.17807E-01
1900 80 0.17808E-01
1900 90 0.17795E-01
1900 100 0.17847E-01
1900 125 0.17773E-01
1900 150 0.17744E-01
1900 175 0.17720E-01
1900 200 0.17689E-01
1900 225 0.17623E-01
1900 325 0.17284E-01
1900 475 0.16092E-01
1900 500 0.15784E-01
1900 600 0.14152E-01
1900 625 0.13617E-01
1900 825 0.68752E-02
1900 850 0.57099E-02
1900 875 0.45565E-02
1900 900 0.34832E-02
1900 925 0.23637E-02
1900 975 0.23813E-03
1900 1000 0.88453E-04
2000 1 0.14010E-01
2000 5 0.13992E-01
2000 15 0.14016E-01
2000 40 0.14012E-01
2000 80 0.13993E-01
2000 90 0.13991E-01
2000 100 0.13987E-01
2000 175 0.13960E-01
2000 200 0.13925E-01
2000 325 0.13633E-01
2000 475 0.12871E-01
2000 500 0.12669E-01
2000 525 0.12449E-01
2000 550 0.12209E-01
2000 575 0.38473E-02
2000 875 0.52646E-02
2000 900 0.43779E-02
2000 925 0.34932E-02
2000 975 0.18055E-02
2500 1 0.44282E-02
2500 5 0.44282E-02
2500 10 0.44304E-02
2500 15 0.44317E-02
2500 90 0.44268E-02
2500 100 0.44300E-02
2500 125 0.43847E-02
2500 150 0.44168E-02
2500 175 0.43695E-02
2500 200 0.44171E-02
2500 225 0.44095E-02
2500 475 0.42561E-02
2500 500 0.42287E-02
2500 525 0.41946E-02
2500 550 0.41673E-02
2500 600 0.40783E-02
2500 625 0.40266E-02
2500 700 0.38557E-02
2500 950 0.28364E-02
2500 975 0.26814E-02
2500 1000 0.25160E-02
